   29.8557
   29.8357
   29.9043
   30.1014
   31.2786
   31.2971
   31.8600
   32.1200
   32.2143
   32.3714
   31.9771
   32.0643
   32.0171
   32.0928
   31.7500
   32.1071
   32.6228
   32.7671
   32.3786
   32.9857
   33.1986
   33.6921
   33.5714
   33.7100
   34.0700
   34.2200
   34.3714
   34.2786
   34.5414
   34.6128
   34.6328
   35.0986
   35.5600
   35.3428
   35.2957
   34.9414
   37.0314
   38.0671
   38.6900
   38.5000
   37.4343
   37.3714
   38.3771
   37.2986
   38.0500
   36.9543
   36.5693
   35.1786
   33.6943
   36.2843
   36.6457
   37.4414
   36.9086
   36.2600
   36.3171
   36.0514
   35.4771
   33.9657
   34.6171
   35.2514
   35.0314
   34.8727
   36.1928
   36.6971
   37.2614
   37.7071
   37.5886
   36.5664
   35.8486
   35.6186
   34.7428
   35.7871
   36.2157
   36.3257
   37.0986
   38.1786
   38.8386
   39.1534
   38.5957
   39.1214
   38.7100
   38.4286
   38.1000
   38.3286
   36.5957
   35.9328
   35.4971
   35.2771
   35.5186
   36.9521
   36.8700
   37.0886
   36.7550
   35.9711
   36.1038
   35.9214
   35.7000
   35.0828
   35.9843
   36.3200
   37.0034
   37.1343
   37.0400
   37.7257
   37.2800
   36.8728
   36.7500
   37.4071
   37.4186
   37.5686
   37.3857
   37.1558
   37.3928
   37.0586
   35.7414
   35.9700
   35.5857
   35.3771
   35.9957
   36.1528
   35.6971
   35.6628
   35.1143
   34.2757
   34.6986
   34.3257
   34.5171
   34.6428
   34.7286
   35.7614
   36.0243
   36.9671
   36.8300
   37.5600
   37.5814
   37.6300
   38.1486
   38.2943
   38.6028
   39.5100
   39.3386
   40.4614
   40.5386
   41.1071
   41.2743
   41.7600
   41.5948
   40.9800
   41.0528
   40.5357
   40.3600
   39.8057
   41.2771
   41.3128
   41.3171
   42.0100
   42.1943
   42.6486
   42.8771
   43.1871
   44.9628
   45.4286
   44.2128
   44.3614
   44.2171
   43.9243
   44.1200
   44.0071
   43.9757
   43.6057
   42.9971
   43.4543
   44.1943
   44.6857
   45.4671
   45.3043
   45.5171
   45.1543
   45.4328
   45.2364
   44.0043
   43.8621
   43.0843
   42.9286
   44.0614
   43.8186
   44.7657
   44.1043
   44.9707
   45.0000
   45.2671
   44.4500
   45.2000
   45.4500
   45.3486
   45.7357
   45.4586
   45.8586
   45.6796
   45.7943
   45.9528
   45.7557
   45.7657
   45.8928
   45.8014
   46.0300
   46.3150
   46.4514
   46.2286
   46.3828
   46.4957
   46.4700
   46.2371
   46.0800
   47.0814
   47.3271
   47.7143
   47.6757
   48.0171
   48.9221
   48.8057
   49.2028
   49.3828
   49.7828
   48.6643
   48.4057
   47.5257
   46.6743
   48.2071
   48.7714
   49.1214
   49.0300
   48.0143
   48.4743
   49.2900
   49.1886
   49.0628
   49.5000
   50.2686
   50.7428
   51.1657
   50.6486
   50.9786
   51.3114
   51.4143
   51.8757
   51.1857
   50.0800
   48.3728
   48.9457
   48.9828
   49.7371
   50.4586
   49.9014
   50.3028
   51.3657
   51.4286
   50.7657
   50.8228
   50.3528
   49.5243
   50.2843
   50.5086
   49.3471
   47.1443
   47.8057
   47.2386
   48.4714
   48.7428
   48.4557
   49.2814
   50.2200
   50.0628
   50.1371
   49.8043
   49.7868
   49.2228
   48.7414
   48.4128
   48.2914
   48.2971
   47.8657
   47.2571
   47.4857
   48.0186
   47.4886
   46.7800
   47.4071
   48.2657
   48.9157
   50.0994
   50.4298
   50.0600
   50.0214
   49.5357
   50.0186
   49.4686
   49.7428
   49.9386
   49.5357
   49.5228
   49.6571
   49.9214
   49.6043
   49.5100
   48.6428
   47.6143
   48.0200
   48.5528
   48.6471
   47.8886
   47.7714
   47.4557
   48.1114
   47.8571
   48.2014
   49.6900
   49.3586
   49.4431
   49.0628
   48.2914
   47.4343
   47.4628
   47.3557
   46.5571
   46.6571
   47.4914
   46.6786
   46.4514
   45.7514
   45.0457
   46.4714
   46.0871
   47.3186
   46.6214
   47.4343
   47.8943
   47.7200
   47.9528
   49.0371
   49.9186
   50.2514
   51.0286
   51.3871
   50.5714
   50.5357
   51.1457
   51.1100
   52.1314
   53.4000
   53.8357
   55.2714
   55.3271
   56.1857
   56.9286
   57.6300
   56.0843
   55.9743
   55.7828
   56.6786
   55.5586
   56.0814
   53.9100
   53.3743
   50.4586
   53.4300
   51.9557
   53.3857
   53.8557
   54.7728
   54.3543
   54.3486
   52.2928
   50.8614
   50.9200
   53.3714
   53.7400
   53.3886
   54.7971
   55.7100
   55.7128
   54.9757
   54.4328
   53.4357
   54.2486
   54.8471
   54.8771
   53.9257
   54.2771
   54.9457
   55.6143
   56.1371
   57.2143
   58.8043
   59.0643
   58.8771
   57.4028
   57.7571
   57.5957
   57.0371
   56.7157
   55.7957
   54.4743
   53.5143
   53.2143
   54.0357
   53.9100
   52.8286
   55.5443
   57.1843
   57.4557
   58.3471
   60.2857
   59.9986
   60.3200
   56.9457
   56.4728
   56.1243
   57.9671
   56.8243
   57.2286
   57.8128
   57.8500
   57.8257
   56.6443
   56.7728
   57.5814
   57.1771
   57.1043
   58.0328
   56.4686
   55.0314
   54.9457
   54.1800
   55.5471
   54.9671
   53.9157
   53.5628
   52.7157
   53.7871
   52.4271
   51.9386
   53.7314
   53.3143
   54.6000
   55.4186
   55.6714
   56.1443
   55.8500
   55.5843
   55.8086
   56.2314
   55.9771
   55.5443
   54.3128
   54.1343
   54.4314
   54.6014
   56.5643
   56.6350
   56.9357
   57.6186
   58.0757
   57.5200
   57.8743
   57.8571
   58.7471
   59.0628
   59.7186
   60.3428
   60.2471
   60.4628
   60.3643
   60.1986
   59.9728
   60.6714
   61.3014
   61.1071
   60.0428
   61.0584
   60.0586
   63.8086
   63.5186
   63.8971
   64.7157
   65.2114
   65.1700
   65.0171
   65.6686
   66.2814
   66.9757
   68.0971
   70.4528
   70.4886
   71.8000
   72.7800
   71.0957
   71.7443
   71.7314
   73.5500
   73.2914
   73.7700
   74.6300
   75.1085
   76.4871
   77.4914
   77.7814
   77.8828
   76.1657
   75.7514
   75.8128
   77.4271
   77.8814
   78.8571
   81.1571
   84.2257
   83.6514
   83.6528
   85.8714
   86.5657
   86.0714
   85.6200
   85.1500
   86.7114
   87.7828
   88.2314
   87.1228
   85.6500
   88.3757
   89.9028
   89.1871
   90.5257
   90.8900
   89.7771
   89.4571
   88.9671
   86.4614
   82.8757
   87.1000
   86.9057
   83.9200
   81.8543
   81.6714
   80.0400
   87.1428
   86.8143
   86.1428
   83.4257
   83.1614
   83.7114
   83.1171
   80.7500
   81.3543
   81.1685
   81.3114
   81.5028
   80.9585
   79.7457
   79.0243
   78.0107
   75.7314
   75.7685
   80.1828
   79.5671
   81.5085
   80.7600
   80.3271
   81.7528
   82.7385
   82.5328
   80.1414
   80.6128
   80.4043
   81.6371
   81.6743
   82.9028
   81.5957
   82.3085
   81.7371
   81.6471
   82.0185
   83.6828
   83.9157
   83.6773
   82.5243
   83.1571
   81.5378
   81.7178
   82.0714
   81.2928
   83.4285
   84.6457
   85.6300
   87.1343
   86.5543
   87.6985
   86.8871
   86.3471
   85.5571
   86.4243
   86.7014
   86.7057
   86.6085
   87.7600
   86.3285
   86.2614
   85.8457
   82.1385
   82.1257
   83.5943
   85.0043
   87.2514
   86.6871
   86.8271
   87.9571
   88.9357
   88.7020
   88.5514
   88.6757
   88.8143
   90.0000
   90.2414
   90.1185
   90.9057
   92.5871
   95.0214
   93.7231
   95.5528
   94.6614
   94.7460
   96.5257
   96.4000
   96.2094
   94.8383
   95.0343
   96.4243
   95.7471
   96.6100
   97.2057
   94.6771
   94.3700
   95.6843
   97.5685
   98.7543
   99.9687
  100.2728
  100.3000
   99.8143
  100.0135
   98.6843
   96.2200
   95.0257
   97.3314
   95.3007
   94.1985
   94.4728
   95.9214
   95.2571
   93.2271
   91.1671
   90.8357
   91.5585
   89.7285
   89.9591
   90.6800
   92.8275
   92.0876
   90.3771
   87.1200
   90.5757
   87.6222
   88.1185
   87.0768
   86.2857
   85.0457
   85.2200
   82.4000
   83.5173
   83.2642
   79.7145
   76.8214
   78.1514
   77.5471
   77.5568
   76.6971
   75.0885
   75.3825
   80.8185
   80.1305
   80.2428
   81.6428
   84.2185
   83.5400
   83.2771
   84.1943
   83.6114
   83.7414
   82.2636
   76.9703
   78.1778
   76.1785
   75.6887
   77.3411
   77.0000
   75.6700
   72.8277
   74.1185
   76.2714
   75.1871
   74.5329
   74.1900
   74.3097
   73.2856
   73.5800
   72.7984
   76.0247
   78.4328
   77.4422
   75.2857
   74.8428
   75.0443
   73.8714
   74.7871
   74.3285
   71.6785
   69.4171
   72.2985
   71.8114
   71.4285
   72.1100
   73.4293
   64.3571
   62.8400
   64.2614
   65.4671
   65.2614
   65.0700
   64.8028
   63.1880
   65.4063
   65.3357
   66.8886
   67.8543
   68.5614
   66.8428
   66.7157
   66.6557
   65.7371
   65.7128
   64.1214
   63.7228
   64.4014
   63.2571
   64.1386
   63.5100
   63.0571
   61.4957
   60.0071
   61.5920
   60.8088
   61.5117
   61.6743
   62.5528
   61.2043
   61.1928
   61.7857
   63.3800
   65.1028
   64.9271
   64.5828
   64.6757
   65.9871
   66.2257
   65.8766
   64.5828
   63.2371
   61.2728
   61.3988
   61.7128
   61.1028
   60.4571
   60.8871
   60.9971
   62.2414
   62.0471
   61.4000
   59.9786
   60.8914
   57.5428
   56.0071
   55.7900
   56.9528
   58.0186
   57.9231
   58.3400
   59.6007
   61.4457
   63.2543
   62.7557
   63.6457
   64.2828
   65.8157
   65.5226
   66.2628
   65.2528
   64.7100
   64.9628
   63.4086
   61.2643
   62.0826
   61.8943
   63.2757
   62.8086
   63.0506
   63.1628
   63.5928
   63.0627
   63.5643
   64.5114
   64.2478
   64.3886
   64.1871
   63.5871
   62.6371
   63.1158
   62.6986
   62.5143
   61.7414
   62.2807
   61.4357
   61.7143
   61.6814
   60.4286
   59.5483
   59.0714
   57.5057
   57.5186
   56.8671
   56.2543
   56.6471
   58.4600
   59.7843
   60.1143
   59.6314
   59.2928
   60.3357
   60.1043
   61.0411
   60.9300
   61.0628
   61.4564
   61.4728
   61.6797
   60.7071
   60.9014
   59.8557
   62.9300
   62.6428
   62.9986
   63.9700
   64.7600
   64.6471
   65.2394
   66.0771
   67.0643
   66.4643
   66.4257
   65.8586
   64.9214
   66.7657
   69.9386
   71.2143
   71.1300
   71.7614
   72.5343
   71.5814
   71.7657
   71.8514
   71.5743
   71.8528
   69.7986
   70.1280
   70.2428
   69.6023
   69.7971
   71.2416
   70.7528
   71.1743
   72.3100
   70.6628
   66.8157
   67.5271
   66.4143
   64.3028
   65.0457
   66.3828
   67.4714
   66.7728
   70.0914
   69.8714
   68.7900
   69.4600
   68.9643
   68.1071
   69.7086
   69.9371
   69.0586
   69.0043
   69.6786
   68.7057
   69.5126
   69.9483
   70.4017
   70.8628
   71.2400
   71.5877
   72.0714
   72.6985
   74.4803
   74.2668
   74.9943
   75.9871
   75.1368
   75.6965
   73.8111
   74.9851
   74.6717
   74.2900
   75.2500
   75.0641
   74.4171
   73.2131
   74.3657
   74.1497
   74.2871
   74.3763
   75.4514
   74.9987
   74.0898
   74.2214
   73.5714
   74.4480
   74.2571
   74.8200
   76.2000
   77.9943
   79.4385
   78.7471
   80.9031
   80.7143
   81.1287
   80.0028
   80.9185
   80.7928
   80.1943
   80.0771
   79.2043
   79.6428
   79.2843
   78.6814
   77.7800
   78.4314
   81.4414
   81.0957
   80.5571
   80.0128
   79.2171
   80.1457
   79.0185
   77.2828
   77.7043
   77.1482
   77.6371
   76.6455
   76.1343
   76.5328
   78.0557
   79.6228
   79.1785
   77.2385
   78.4385
   78.7871
   79.4543
   78.0100
   78.6428
   72.3571
   71.5357
   71.3974
   71.5143
   71.6471
   72.6843
   73.2271
   73.2157
   74.2400
   75.5700
   76.5657
   76.5600
   77.7757
   77.7128
   77.9985
   76.7671
   75.8785
   75.0357
   75.3643
   74.5800
   73.9071
   75.3814
   75.1771
   75.3943
   75.8914
   76.0514
   75.8214
   75.7771
   75.8457
   76.5843
   76.6585
   75.8071
   74.9557
   75.2485
   75.9143
   75.8943
   75.5285
   76.1243
   77.0271
   77.8557
   77.1114
   76.7800
   76.6943
   76.6771
   77.3785
   77.5071
   76.9700
   75.9743
   74.7814
   74.7771
   75.7600
   74.7828
   74.2300
   74.5257
   73.9942
   74.1443
   74.9914
   75.8814
   75.9570
   74.9643
   81.1100
   81.7057
   84.8700
   84.6185
   84.2985
   84.4971
   84.6543
   85.8514
   84.9157
   84.6185
   83.9985
   83.6489
   84.6900
   84.8228
   84.8385
   84.1171
   85.3585
   86.3700
   86.3871
   86.6157
   86.7528
   87.7328
   89.3757
   89.1443
   90.7685
   90.4285
   89.8071
   91.0771
   92.1171
   92.4785
   92.2243
   93.7000
   94.2500
   93.8600
   92.2900
   91.2800
   92.2000
   92.0800
   92.1800
   91.8600
   90.9100
   90.8300
   90.2800
   90.3600
   90.9000
   91.9800
   92.9300
   93.5200
   93.4800
   94.0300
   95.9680
   95.3500
   95.3900
   95.0350
   95.2200
   96.4500
   95.3200
   94.7800
   93.0899
   94.4300
   93.9390
   94.7200
   97.1900
   97.0300
   97.6710
   99.0200
   98.3800
   98.1500
   95.6000
   96.1300
   95.5900
   95.1200
   94.9600
   94.4800
   94.7400
   95.9900
   95.9700
   97.2400
   97.5000
   97.9800
   99.1600
  100.5300
  100.5700
  100.5800
  101.3200
  101.5400
  100.8890
  102.1300
  102.2500
  102.5000
  103.3000
   98.9400
   98.1200
   98.9700
   98.3600
   97.9900
  101.0000
  101.4300
  101.6600
  101.6300
  100.8600
  101.5800
  101.7900
  100.9600
  101.0600
  102.6400
  101.7500
   97.8700
  100.7500
  100.1100
  100.7500
   99.1800
   99.9000
   99.6200
   99.6200
   98.7500
  100.8000
  101.0200
  100.7300
   99.8100
   98.7500
   97.5400
   96.2600
   97.6700
   99.7600
  102.4700
  102.9900
  104.8300
  105.2200
  105.1100
  106.7400
  107.3400
  106.9800
  108.0000
  109.4000
  108.6000
  108.8600
  108.7000
  109.0100
  108.8300
  109.7000
  111.2500
  112.8200
  114.1800
  113.9900
  115.4700
  114.6700
  116.3100
  116.4700
  118.6250
  117.6000
  119.0000
  118.9300
  115.0700
  114.6300
  115.9300
  115.4900
  115.0000
  112.4000
  114.1200
  111.9500
  111.6200
  109.7300
  108.2250
  106.7450
  109.4100
  112.6500
  111.7800
  112.9400
  112.5400
  112.0100
  113.9900
  113.9100
  112.5200
  110.3800
  109.3300
  106.2500
  106.2600
  107.7500
  111.8900
  112.0100
  109.2500
  110.2200
  109.8000
  106.8200
  105.9900
  108.7200
  109.5500
  112.4000
  112.9800
  113.1000
  109.1400
  115.3100
  118.9000
  117.1600
  118.6300
  118.6500
  119.5600
  119.9400
  118.9300
  119.7200
  122.0200
  124.8800
  126.4600
  127.0800
  127.8300
  128.7150
  128.4500
  129.4950
  133.0000
  132.1700
  128.7900
  130.4150
  128.4600
  129.0900
  129.3600
  128.5400
  126.4100
  126.6000
  127.1400
  124.5100
  122.2400
  124.4500
  123.5900
  124.9500
  127.0400
  128.4700
  127.4950
  125.9000
  127.2100
  126.6900
  123.3800
  124.2400
  123.2500
  126.3700
  124.4300
  124.2500
  125.3200
  127.3500
  126.0100
  125.6000
  126.5600
  127.1000
  126.8500
  126.3000
  126.7800
  126.1700
  124.7500
  127.6000
  126.9100
  128.6200
  129.6700
  130.2800
  132.6500
  130.5600
  128.6400
  125.1500
  128.9500
  128.7000
  125.8000
  125.0100
  125.2600
  127.6200
  126.3200
  125.8650
  126.0100
  128.9500
  128.7700
  130.1900
  130.0700
  130.0600
  131.3900
  132.5400
  129.6200
  132.0450
  131.7800
  130.2800
  130.5350
  129.9600
  130.1200
  129.3600
  128.6500
  127.8000
  127.4200
  128.8800
  128.5900
  127.1700
  126.9200
  127.6000
  127.3000
  127.8800
  126.6000
  127.6100
  127.0300
  128.1100
  127.5000
  126.7500
  124.5300
  125.4250
  126.6000
  126.4400
  126.0000
  125.6900
  122.5700
  120.0700
  123.2800
  125.6600
  125.6100
  126.8200
  128.5100
  129.6200
  132.0700
  130.7500
  125.2200
  125.1600
  124.5000
  122.7700
  123.3800
  122.9900
  122.3700
  121.3000
  118.4400
  114.6400
  115.4000
  115.1300
  115.5200
  119.7200
  113.4900
  115.2400
  115.1500
  115.9600
  117.1600
  116.5000
  115.0100
  112.6500
  105.7600
  103.1200
  103.7400
  109.6900
  112.9200
  113.2900
  112.7600
  107.7200
  112.3400
  110.3700
  109.2700
  112.3100
  110.1500
  112.5700
  114.2100
  115.3100
  116.2800
  116.4100
  113.9200
  113.4500
  115.2100
  113.4000
  114.3200
  115.0000
  114.7100
  112.4400
  109.0600
  110.3000
  109.5800
  110.3800
  110.7800
  111.3100
  110.7800
  109.5000
  112.1200
  111.6000
  111.7900
  110.2100
  111.8600
  111.0400
  111.7300
  113.7700
  113.7600
  115.5000
  119.0800
  115.2800
  114.5500
  119.2700
  120.5300
  119.5000
  121.1800
  122.5700
  122.0000
  120.9200
  121.0600
  120.5700
  116.7700
  116.1100
  115.7200
  112.3400
  114.1750
  113.6900
  117.2900
  118.7800
  119.3000
  117.7500
  118.8800
  118.0300
  117.8100
  118.3000
  117.3400
  116.2800
  115.2000
  119.0300
  118.2800
  118.2300
  115.6200
  116.1700
  113.1800
  112.4800
  110.4900
  111.3400
  108.9800
  106.0300
  107.3300
  107.2300
  108.6100
  108.0300
  106.8200
  108.7400
  107.3200
  105.2600
  105.3500
  102.7100
  100.7000
   96.4500
   96.9600
   98.5300
   99.9600
   97.3900
   99.5200
   97.1300
   96.6600
   96.7900
   96.3000
  101.4200
   99.4400
   99.9900
   93.4200
   94.0900
   97.3400
   96.4300
   94.4800
   96.3500
   96.6000
   94.0200
   95.0100
   94.9900
   94.2700
   93.7000
   93.9900
   96.6400
   98.1200
   96.2600
   96.0400
   96.8800
   94.6900
   96.1000
   96.7600
   96.9100
   96.6900
  100.5300
  100.7500
  101.5000
  103.0100
  101.8700
  101.0300
  101.1200
  101.1700
  102.2600
  102.5200
  104.5800
  105.9700
  105.8000
  105.9200
  105.9100
  106.7200
  106.1300
  105.6700
  105.1900
  107.6800
  109.5600
  108.9900
  109.9900
  111.1200
  109.8100
  110.9600
  108.5400
  108.6600
  109.0200
  110.4400
  112.0400
  112.1000
  109.8500
  107.4800
  106.9100
  107.1300
  105.9700
  105.6800
  105.0800
  104.3500
   97.8200
   94.8300
   93.7400
   93.6400
   95.1800
   94.1900
   93.2400
   92.7200
   92.7900
   93.4200
   92.5100
   90.3400
   90.5200
   93.8800
   93.4900
   94.5600
   94.2000
   95.2200
   96.4300
   97.9000
   99.6200
  100.4100
  100.3500
   99.8600
   98.4600
   97.7200
   97.9200
   98.6300
   99.0300
   98.9400
   99.6500
   98.8300
   97.3400
   97.4600
   97.1400
   97.5500
   95.3300
   95.1000
   95.9100
   95.5500
   96.1000
   93.4000
   92.0400
   93.5900
   94.4000
   95.6000
   95.8900
   94.9900
   95.5300
   95.9400
   96.6800
   96.9800
   97.4200
   96.8700
   98.7900
   98.7800
   99.8300
   99.8700
   99.9600
   99.4300
   98.6600
   97.3400
   96.6700
  102.9500
  104.3400
  104.2100
  106.0500
  104.4800
  105.7900
  105.8700
  107.4800
  108.3700
  108.8100
  108.0000
  107.9300
  108.1800
  109.4800
  109.3800
  109.2200
  109.0800
  109.3600
  108.5100
  108.8500
  108.0300
  107.5700
  106.9400
  106.8200
  106.0000
  106.1000
  106.7300
  107.7300
  107.7000
  108.3600
  105.5200
  103.1300
  105.4400
  107.9500
  111.7700
  115.5700
  114.9200
  113.5800
  113.5700
  113.5500
  114.6200
  112.7100
  112.8800
  113.0900
  113.9500
  112.1800
  113.0500
  112.5200
  113.0000
  113.0500
  113.8900
  114.0600
  116.0500
  116.3000
  117.3400
  116.9800
  117.6300
  117.5500
  117.4700
  117.1200
  117.0600
  116.6000
  117.6500
  118.2500
  115.5900
  114.4800
  113.7200
  113.5400
  111.4900
  111.5900
  109.8300
  108.8400
  110.4100
  111.0600
  110.8800
  107.7900
  108.4300
  105.7100
  107.1100
  109.9900
  109.9500
  110.0600
  111.7300
  111.8000
  111.2300
  111.7900
  111.5700
  111.4600
  110.5200
  109.4900
  109.9000
  109.1100
  109.9500
  111.0300
  112.1200
  113.9500
  113.3000
  115.1900
  115.1900
  115.8200
  115.9700
  116.6400
  116.9500
  117.0600
  116.2900
  116.5200
  117.2600
  116.7600
  116.7300
  115.8200
  116.1500
  116.0200
  116.6100
  117.9100
  118.9900
  119.1100
  119.7500
  119.2500
  119.0400
  120.0000
  119.9900
  119.7800
  120.0000
  120.0800
  119.9700
  121.8800
  121.9400
  121.9500
  121.6300
  121.3500
  128.7500
  128.5300
  129.0800
  130.2900
  131.5300
  132.0400
  132.4200
  132.1200
  133.2900
  135.0200
  135.5100
  135.3450
  135.7200
  136.7000
  137.1100
  136.5300
  136.6600
  136.9300
  136.9900
  139.7900
  138.9600
  139.7800
  139.3400
  139.5200
  139.0000
  138.6800
  139.1400
  139.2000
  138.9900
  140.4600
  140.6900
  139.9900
  141.4600
  139.8400
  141.4200
  140.9200
  140.6400
  140.8800
  143.8000
  144.1200
  143.9300
  143.6600
  143.7000
  144.7700
  144.0200
  143.6600
  143.3400
  143.1700
  141.6300
  141.8000
  141.0500
  141.8300
  141.2000
  140.6800
  142.4400
  142.2700
  143.6400
  144.5300
  143.6800
  143.7900
  143.6500
  146.5800
  147.5100
  147.0600
  146.5300
  148.9600
  153.0100
  153.9900
  153.2600
  153.9500
  156.1000
  155.7000
  155.4700
  150.2500
  152.5400
  153.0600
  153.9900
  153.8000
  153.3400
  153.8700
  153.6100
  153.6700
  152.7600
  153.1800
  155.4500
  153.9300
  154.4500
  155.3700
  154.9900
  148.9800
  145.4200
  146.5900
  145.1600
  144.2900
  142.2700
  146.3400
  145.0100
  145.8700
  145.6300
  146.2800
  145.8200
  143.7300
  145.8300
  143.6800
  144.0200
  143.5000
  144.0900
  142.7300
  144.1800
  145.0600
  145.5300
  145.7400
  147.7700
  149.0400
  149.5600
  150.0800
  151.0200
  150.3400
  150.2700
  152.0900
  152.7400
  153.4600
  150.5600
  149.5000
  148.7300
  150.0500
  157.1400
  155.5700
  156.3900
  158.8100
  160.0800
  161.0600
  155.3200
  157.4800
  159.8500
  161.6000
  160.9500
  157.8600
  157.5000
  157.2100
  159.7800
  159.9800
  159.2700
  159.8600
  161.4700
  162.9100
  163.3500
  164.0000
  164.0500
  162.0800
  161.9100
  161.2600
  158.6300
  161.5000
  160.8600
  159.6500
  158.2800
  159.8800
  158.6700
  158.7300
  156.0700
  153.3900
  151.8900
  150.5500
  153.1400
  154.2300
  153.2800
  154.1200
  153.8100
  154.4800
  153.4800
  155.3900
  155.3000
  155.8400
  155.9000
  156.5500
  156.0000
  156.9900
  159.8800
  160.4700
  159.7600
  155.9800
  156.2500
  156.1700
  157.1000
  156.4100
  157.4100
  163.0500
  166.7200
  169.0400
  166.8900
  168.1100
  172.5000
  174.2500
  174.8100
  176.2400
  175.8800
  174.6700
  173.9700
  171.3400
  169.0800
  171.1000
  170.1500
  169.9800
  173.1400
  174.9600
  174.9700
  174.0900
  173.0700
  169.4800
  171.8500
  171.0500
  169.8000
  169.6400
  169.0100
  169.3200
  169.3700
  172.6700
  171.7000
  172.2700
  172.2200
  173.9700
  176.4200
  174.5400
  174.3500
  175.0100
  175.0100
  170.5700
  170.6000
  171.0800
  169.2300
  172.2600
  172.2300
  173.0300
  175.0000
  174.3500
  174.3300
  174.2900
  175.2800
  177.0900
  176.1900
  179.1000
  179.2600
  178.4600
  177.0000
  177.0400
  174.2200
  171.1100
  171.5100
  167.9600
  166.9700
  167.4300
  167.7800
  160.5000
  156.4900
  163.0300
  159.5400
  155.1500
  156.4100
  162.7100
  164.3400
  167.3700
  172.9900
  172.4300
  171.8500
  171.0700
  172.5000
  175.5000
  178.9700
  178.3900
  178.1200
  175.0000
  176.2100
  176.8200
  176.6700
  175.0300
  176.9400
  179.9800
  181.7200
  179.9700
  178.4400
  178.6500
  178.0200
  175.3000
  175.2400
  171.2700
  168.8500
  164.9400
  172.7700
  168.3400
  166.4800
  167.7800
  166.6800
  168.3900
  171.6100
  172.8000
  168.3800
  170.0500
  173.2500
  172.4400
  174.1400
  174.7300
  175.8200
  178.2400
  177.8400
  172.8000
  165.7200
  165.2400
  162.9400
  163.6500
  164.2200
  162.3200
  165.2600
  169.1000
  176.5700
  176.8900
  183.8300
  185.1600
  186.0500
  187.3600
  190.0400
  188.5900
  188.1500
  186.4400
  188.1800
  186.9900
  186.3100
  187.6300
  187.1600
  188.3600
  188.1500
  188.5800
  187.9000
  187.5000
  186.8700
  190.2400
  191.8300
  193.3100
  193.9800
  193.4600
  191.7000
  191.2300
  192.2800
  190.7000
  190.8000
  188.8400
  188.7400
  185.6900
  186.5000
  185.4600
  184.9200
  182.1700
  184.4300
  184.1600
  185.5000
  185.1100
  187.1800
  183.9200
  185.4000
  187.9700
  190.5800
  190.3500
  187.8800
  191.0300
  191.3300
  190.9100
  191.4500
  190.4000
  191.8800
  191.4400
  191.6100
  193.0000
  194.8200
  194.2100
  190.9800
  189.9100
  190.2900
  201.5000
  207.3900
  207.9900
  209.0700
  207.1100
  207.2500
  208.8800
  207.5300
  208.8700
  209.7500
  210.2400
  213.3200
  217.5800
  215.4600
  215.0400
  215.0500
  215.4900
  216.1600
  217.9400
  219.7000
  222.9800
  225.0300
  227.6300
  228.3600
  226.8700
  223.1000
  221.3000
  218.3300
  223.8500
  221.0700
  226.4100
  223.8400
  217.8800
  218.2400
  218.3700
  220.0300
  217.6600
  220.7900
  222.1900
  220.4200
  224.9500
  225.7400
  227.2600
  229.2800
  232.0700
  227.9900
  224.2900
  223.7700
  226.8700
  216.3600
  214.4500
  222.1100
  217.3600
  222.1500
  221.1900
  216.0200
  219.3100
  220.6500
  222.7300
  215.0900
  219.8000
  216.3000
  212.2400
  213.3000
  218.8600
  222.2200
  207.4800
  201.5900
  203.7700
  209.9500
  208.4900
  204.4700
  194.1700
  192.2300
  186.8000
  191.4100
  193.5300
  185.8600
  176.9800
  176.7800
  172.2900
  174.6200
  174.2400
  180.9400
  179.5500
  178.5800
  184.8200
  176.6900
  174.7200
  168.4900
  169.6000
  168.6300
  169.1000
  170.9500
  165.4800
  163.9400
  166.0700
  160.8900
  156.8300
  150.7300
  146.8300
  157.1700
  156.1500
  156.2300
  157.7400
  157.9200
  142.1900
  148.2600
  147.9300
  150.7500
  153.3100
  153.8000
  152.2900
  150.0000
  153.0700
  154.9400
  155.8600
  156.8200
  153.3000
  153.9200
  152.7000
  157.7600
  156.3000
  154.6800
  165.2500
  166.4400
  166.5200
  171.2500
  174.1800
  174.2400
  170.9400
  170.4100
  169.4300
  170.8900
  170.1800
  170.8000
  170.4200
  170.9300
  172.0300
  171.0600
  172.9700
  174.2300
  174.3300
  174.8700
  173.1500
  174.9700
  175.8500
  175.5300
  174.5200
  172.5000
  172.9100
  178.9000
  180.9100
  181.7100
  183.7300
  186.1200
  188.0200
  186.5300
  188.1600
  195.0900
  191.0500
  188.7400
  186.7900
  188.4700
  188.7200
  189.9500
  191.2400
  194.0200
  195.3500
  195.6900
  197.0000
  200.1000
  199.5000
  200.6200
  198.9500
  198.8700
  199.2300
  199.2500
  203.1300
  203.8600
  204.5300
  207.4800
  207.1600
  205.2800
  204.3000
  204.6100
  200.6700
  210.5200
  209.1500
  211.7500
  208.4800
  202.8600
  202.9000
  200.7200
  197.1800
  185.7200
  188.6600
  190.9200
  190.0800
  189.0000
  183.0900
  186.6000
  182.7800
  179.6600
  178.9700
  178.2300
  177.3800
  178.3000
  175.0700
  173.3000
  179.6400
  182.5400
  185.2200
  190.1500
  192.5800
  194.8100
  194.1900
  194.1500
  192.7400
  193.8900
  198.4500
  197.8700
  199.4600
  198.7800
  198.5800
  195.5700
  199.8000
  199.7400
  197.9200
  201.5500
  202.7300
  204.4100
  204.2300
  200.0200
  201.2400
  203.2300
  201.7500
  203.3000
  205.2100
  204.5000
  203.3500
  205.6600
  202.5900
  207.2200
  208.8400
  208.6700
  207.0200
  207.7400
  209.6800
  208.7800
  213.0400
  208.4300
  204.0200
  193.3400
  197.0000
  199.0400
  203.4300
  200.9900
  200.4800
  208.9700
  202.7500
  201.7400
  206.5000
  210.3500
  210.3600
  212.6400
  212.4600
  202.6400
  206.4900
  204.1600
  205.5300
  209.0100
  208.7400
  205.7000
  209.1900
  213.2800
  213.2600
  214.1700
  216.7000
  223.5900
  223.0850
  218.7500
  219.9000
  220.7000
  222.7700
  220.9600
  217.7300
  218.7200
  217.6800
  221.0300
  219.8900
  218.8200
  223.9700
  224.5900
  218.9600
  220.8200
  227.0100
  227.0600
  224.4000
  227.0300
  230.0900
  236.2100
  235.8700
  235.3200
  234.3700
  235.2800
  236.4100
  240.5100
  239.9600
  243.1800
  243.5800
  246.5800
  249.0500
  243.2900
  243.2600
  248.7600
  255.8200
  257.5000
  257.1300
  257.2400
  259.4300
  260.1400
  262.2000
  261.9600
  264.4700
  262.6400
  265.7600
  267.1000
  266.2900
  263.1900
  262.0100
  261.7800
  266.3700
  264.2900
  267.8400
  267.2500
  264.1600
  259.4500
  261.7400
  265.5800
  270.7100
  266.9200
  268.4800
  270.7700
  271.4600
  275.1500
  279.8600
  280.4100
  279.7400
  280.0200
  279.4400
  284.0000
  284.2700
  289.9100
  289.8000
  291.5200
  293.6500
  300.3500
  297.4300
  299.8000
  298.3900
  303.1900
  309.6300
  310.3300
  316.9600
  312.6800
  311.3400
  315.2400
  318.7300
  316.5700
  317.7000
  319.2300
  318.3100
  308.9500
  317.6900
  324.3400
  323.8700
  309.5100
  308.6600
  318.8500
  321.4500
  325.2100
  320.0300
  321.5500
  319.6100
  327.2000
  324.8700
  324.9500
  319.0000
  323.6200
  320.3000
  313.0500
  298.1800
  288.0800
  292.6500
  273.5200
  273.3600